0.784667173
0.670053257
1.11404852
0.820362927
1.002745409
0.797359147
0.905562671
1.00812153
0.941064773
0.893646202
0.888752571
0.909322232
0.934884492
0.953566756
0.690901559
1.034608957
1.122533588
1.00526782
1.060920971
0.882741179
0.924563841
1.053891166
1.026792972
0.993020812
0.902228716
1.104267505
1.088280859
1.130212935
0.866227526
0.873091367
1.0383159
0.827615739
1.007171009
1.087798417
0.859727622
0.612430048
1.162866762
0.721858873
1.031591141
1.062858217
0.990246891
1.045146494
1.278349247
1.177910484
1.279989743
0.710180405
1.157314466
1.235351741
0.986442576
0.859016841
