9.15823083523804
10.3114608291219
10.7249881969627
10.3034169381571
9.90944496019796
8.79240546794089
10.3684287399931
10.4601764612937
9.81047081253318
9.83
9.845
8.03716945351151
9.61437725019844
10.9419267521378
8.99903181272949
10.3709126655396
10.4767765880691
9.52617756512757
10.2855611869657
9.98
10.5735862065258
10.5034116031571
8.60927509682955
10.09
10.4958911110147
9.745
8.37306249206147
9.875
10.0703810804001
8.56164682225288
10.4550797828238
10.422326525259
9.825
8.86246701021205
10.6793118168169
9.28682421453046
9.59182126374522
8.6314266847216
8.75987527045859
9.3709145173759
10.2054874755494
10.9520019985443
8.32928768306785
9.835
10.4040213543516
10.01
10.7201512755905
9.915
10.363176950442
8.04553066456332
10.4237759940157
10.5151717299636
8.83071651684902
9.49690699383399
8.90837018755649
9.475
10.295
10.7203531101688
10.285
10.32
9.815
9.61
8.85191432277595
8.8516144183602
9.50504514178549
10.8808301167834
9.8718259621741
10.245
9.635
8.69278999842241
9.30874231042032
8.85195375649234
10.365
9.18677945789453
9.97
10.0694507950339
10.6175426021558
10.175
10.188492504412
9.84
10.02
10.115
9.76486106908277
10.322367656804
9.935
10.7337680500024
10.5035520064541
10.5637082243452
10.195
10.22
10.6646804720184
10.6116176937316
9.80825670237249
9.22088343521622
8.5219063584165
10.085
9.67828727870156
10.215
10.4760680483077
9.75639253827999
9.905
10.5196879043424
9.15938305833816
10.012788544265
10.6392899398026
8.55516075872792
10.7217034775502
9.65984084445808
8.80762100209732
9.39639599679201
8.56285852611613
10.005
9.57785327832837
8.58732857049591
10.7460850066159
9.725
10.0314473102859
9.48549069287381
8.63279575103784
9.695
10.7405666033623
8.78656346549472
9.785
10.6994799620767
10.09
8.62175086924888
10.2054426303156
8.33937318428546
8.5911687886051
9.97
8.44300761708488
10.822510088769
10.4889959002074
9.94
8.30151734652471
9.94
10.5494589576217
10.3371602095466
9.83
10.305
9.73
9.63
9.86
9.2553939277309
10.7106656687897
10.08
9.09648381186598
9.795
10.225
10.11
9.85789213447712
10.4466266621276
8.53987872396189
9.74
10.255
9.08433254076543
9.43543059524703
10.1059755577322
10.085
10.6321276536618
9.33464379294363
10.6566197591828
9.60524947073717
10.365
10.1623096844675
9.525
9.44319822903794
10.385
8.63965290061417
8.92828240268518
10.4520278543542
8.67513487244337
10.64102042774
9.3599415067524
7.68425935575132
10.4428959769916
10.6317859721043
10.2068885602615
10.3816584943082
9.92
10.1727469968861
10.7423459547284
10.09
9.00238273198619
8.8139319810546
8.37768045090361
9.72
9.735
10.3495850215892
10.4245512575054
10.1298897341342
10.4444909584886
10.3601386433628
10.7529772370954
9.97
10.0792743457004
9.95
9.91
10.22
10.4723555819213
10.7714131751758
10.385
10.8567062578235
10.1168082746675
9.72413289628182
10.025
10.6325080863648
8.31545771204719
8.77892275871847
10.6996284118973
9.16305487567302
10.6440508280141
9.915
9.75
10.2673366722736
10.7333169356832
10.5387297537658
10.4589301654782
10.650541414919
10.3883219682934
10.5182424485577
8.4235140746147
10.4196175714775
9.31285760967395
10.6689936743249
10.015
10.4842310868598
8.41741669381105
8.16130458182508
10.7295762376072
9.81464394281683
9.69
9.41909763155432
8.37678416274769
9.795
9.7
11.562999244397
10.4452445760877
7.96642305478993
9.735
9.7237512501263
8.76154135492538
10.5271879896032
9.37989553004733
9.37
9.07089371616561
9.805
8.79722548219045
9.22215728045329
8.87003966164083
8.52719996790848
10.5030129765042
10.6298916190553
8.39570504898381
10.3412468125081
7.78369489238758
9.505
10.1677237965461
10.5445476850732
10
9.10430029578663
9.12297196575532
10.1761808599343
10.04
8.99805905626524
10.37
10.545
9.59602539990323
10.4294495392373
9.24019214269252
11.0172746391479
10.2873261243664
8.90851494368776
9.22922657866948
10.3764441492598
10.4803138581942
10.5948895035252
10.9317263137879
9.32818331274064
